"Player" "n" "RallyCount" "Dist" "Point" "Speed" "FirstServe" "SecondServe" "DoubleFault" "played_minutes" "Gender" "rally_min" "rally_match" "Dist_min" "Dist_match" "Point_min" "Point_match" "played_minutes_match" "PercFirstServe" "PercSecondServe" "PercDoubleFault"
"andy murray" 15 6544 38322.7649656082 3199 167.075608173218 943 585 52 474.776666666667 "M" 13.7833226850519 436.266666666667 80.7174565562928 2554.85099770721 6.73790483946838 213.266666666667 31.6517777777778 59.6835443037975 37.0253164556962 3.29113924050633
"alex de minaur" 3 1477 8866.53073987543 670 156.213125250801 216 116 15 87.22 "M" 16.9341894060995 492.333333333333 101.657082548446 2955.51024662514 7.68172437514332 223.333333333333 29.0733333333333 62.2478386167147 33.4293948126801 4.32276657060519
"quentin halys" 1 373 1804.79710714286 285 175.847222222222 94 51 7 33.1833333333333 "M" 11.2405826217981 373 54.3886621941596 1804.79710714286 8.58864892014064 285 33.1833333333333 61.8421052631579 33.5526315789474 4.60526315789474
"tomas berdych" 11 3423 18057.672632767 2074 179.524525190261 624 365 33 262.963333333333 "M" 13.0170239196846 311.181818181818 68.6699259697818 1641.60660297882 7.88703114502656 188.545454545455 23.9057575757576 61.0567514677104 35.7142857142857 3.22896281800391
"jurgen melzer" 1 377.5 1908.36497474747 215 168.733944954128 85 24 1 25.17 "M" 14.9980135081446 377.5 75.8190295886957 1908.36497474747 8.54191497814859 215 25.17 77.2727272727273 21.8181818181818 0.909090909090909
"andrey kuznetsov" 3 1401 7495.596897854 787 165.893065862709 221 166 13 108.446666666667 "M" 12.9187926476916 467 69.1178173405115 2498.53229928467 7.25702342165119 262.333333333333 36.1488888888889 55.25 41.5 3.25
"stan wawrinka" 14 6027 35441.1337803881 3127 172.278997661112 938 602 37 426.373333333333 "M" 14.1354994058415 430.5 83.1223038817033 2531.50955574201 7.3339483394834 223.357142857143 30.4552380952381 59.4800253646164 38.1737476220672 2.34622701331642
"james duckworth" 1 550.5 2649.44065573771 284 166.143939393939 69 66 7 39.23 "M" 14.0326280907469 550.5 67.5360860499034 2649.44065573771 7.23935763446342 284 39.23 48.5915492957746 46.4788732394366 4.92957746478873
"steve darcis" 2 955 4522.82503028056 470 158.08198494419 131 87 4 63.6166666666667 "M" 15.0117893633744 477.5 71.0949703476116 2261.41251514028 7.38800104794341 235 31.8083333333333 59.009009009009 39.1891891891892 1.8018018018018
"gastao elias" 1 216 1222.21051162791 132 167.106060606061 35 31 2 17.04 "M" 12.6760563380282 216 71.7259689922482 1222.21051162791 7.74647887323944 132 17.04 51.4705882352941 45.5882352941176 2.94117647058824
"jo wilfried tsonga" 11 4394 25488.032752198 2498 172.725181099702 716 425 38 320.963333333333 "M" 13.6900372835942 399.454545454545 79.4110420261858 2317.09388656346 7.78282046755081 227.090909090909 29.1784848484849 60.7294317217981 36.0474978795589 3.22307039864292
"pierre hugues herbert" 3 717 3996.25986311927 533 172.61537004662 170 83 12 64.7633333333334 "M" 11.0710793144269 239 61.705592615975 1332.08662103976 8.22996551546656 177.666666666667 21.5877777777778 64.1509433962264 31.3207547169811 4.52830188679245
"bernard tomic" 5 2321.5 11768.7172894121 1094 163.94222732014 343 181 13 140.066666666667 "M" 16.5742503569729 464.3 84.0222557549651 2353.74345788242 7.81056639695383 218.8 28.0133333333333 63.8733705772812 33.7057728119181 2.42085661080074
"jerzy janowicz" 3 932 4719.62713508885 716 179.711448130721 213 126 10 90.6166666666667 "M" 10.2850836858562 310.666666666667 52.0834335305005 1573.20904502962 7.90141622218135 238.666666666667 30.2055555555556 61.0315186246418 36.1031518624642 2.86532951289398
"gael monfils" 14 5911 33817.5214634904 2855 171.259590905929 870 475 58 372.696666666666 "M" 15.8600828198088 422.214285714286 90.7373864272744 2415.53724739217 7.66038512105466 203.928571428571 26.6211904761905 62.0099786172487 33.856022808268 4.13399857448325
"alexander zverev" 10 4777 25456.8603224559 2433 185.363980650247 768 373 64 325.05 "M" 14.6962005845255 477.7 78.3167522610548 2545.68603224559 7.48500230733733 243.3 32.505 63.7344398340249 30.954356846473 5.31120331950207
"florian mayer" 3 1008 5055.5281751836 550 168.442712418301 178 112 7 71.3866666666666 "M" 14.1202838998879 336 70.8189415649552 1685.17605839453 7.70451998505791 183.333333333333 23.7955555555555 59.9326599326599 37.7104377104377 2.35690235690236
"roberto bautista agut" 8 3795.5 21508.2587154045 1654 164.494142036082 545 259 23 234.073333333333 "M" 16.2150038449489 474.4375 91.8868390906179 2688.53233942557 7.06616160177723 206.75 29.2591666666666 65.90084643289 31.3180169286578 2.78113663845224
"yoshihito nishioka" 2 982.5 5115.11161497326 430 149.364614593158 145 81 8 55.8533333333333 "M" 17.5907137741705 491.25 91.581134190259 2557.55580748663 7.69873478157079 215 27.9266666666666 61.965811965812 34.6153846153846 3.41880341880342
"omar jasika" 1 275.5 1558.8736119403 136 167.5 41 23 5 17.2566666666667 "M" 15.9648445045393 275.5 90.3345728379542 1558.8736119403 7.88101216920995 136 17.2566666666667 59.4202898550725 33.3333333333333 7.2463768115942
"dustin brown" 3 715.5 4549.41836172803 504 178.06038059163 155 101 16 55.82 "M" 12.8179863848083 238.5 81.5015829761381 1516.47278724268 9.0290218559656 168 18.6066666666667 56.9852941176471 37.1323529411765 5.88235294117647
"dominic thiem" 17 7034 41359.4997745532 3650 169.604091317692 1038 642 68 487.666666666667 "M" 14.4237867395762 413.764705882353 84.8110043223921 2432.91175144431 7.48462064251538 214.705882352941 28.6862745098039 59.3821510297483 36.7276887871854 3.89016018306636
"jordan thompson" 3 1746.5 9679.48862694501 853 167.618884213659 275 154 14 120.296666666667 "M" 14.518274266397 582.166666666667 80.4634816172103 3226.49620898167 7.09080329186178 284.333333333333 40.0988888888889 62.0767494356659 34.7629796839729 3.16027088036117
"tommy haas" 1 231 1051.96438461538 159 163.9125 45 35 3 19.5266666666667 "M" 11.8299761010584 231 53.8732187409719 1051.96438461538 8.14271082280641 159 19.5266666666667 54.2168674698795 42.1686746987952 3.6144578313253
"reilly opelka" 1 390.5 2108.02421908127 293 185.369565217391 84 54 6 35.3166666666667 "M" 11.0571024067956 390.5 59.6892180957414 2108.02421908127 8.29636621047663 293 35.3166666666667 58.3333333333333 37.5 4.16666666666667
"grigor dimitrov" 12 4532 26018.0270211751 2125 171.702663287204 646 348 55 282.953333333333 "M" 16.0167754400019 377.666666666667 91.9516540578249 2168.16891843126 7.5100723323045 177.083333333333 23.5794444444444 61.582459485224 33.1744518589133 5.24308865586273
"blake mott" 1 303.5 1617.2953125 161 165.28 48 27 3 22.71 "M" 13.3641567591369 303.5 71.2151172391017 1617.2953125 7.08938793483047 161 22.71 61.5384615384615 34.6153846153846 3.84615384615385
"fernando verdasco" 5 2217 12244.9565009035 1150 168.291914659376 372 184 24 170.75 "M" 12.9838945827233 443.4 71.7127759935783 2448.9913001807 6.73499267935579 230 34.15 64.1379310344827 31.7241379310345 4.13793103448276
"john isner" 5 1785.5 9726.0059469967 1366 181.566676801048 437 202 23 169.6 "M" 10.5277122641509 357.1 57.3467331780466 1945.20118939934 8.05424528301887 273.2 33.92 66.012084592145 30.5135951661631 3.47432024169184
"noah rubin" 1 369 2121.50169856459 215 172.19801980198 55 46 2 24.73 "M" 14.9211484027497 369 85.7865628210509 2121.50169856459 8.69389405580267 215 24.73 53.3980582524272 44.6601941747573 1.94174757281553
"jeremy chardy" 3 1023.5 5336.82023136523 609 176.250197770586 179 112 17 79.2733333333333 "M" 12.9110251450677 341.166666666667 67.3217588684539 1778.94007712174 7.68228071650829 203 26.4244444444444 58.1168831168831 36.3636363636364 5.51948051948052
"paolo lorenzi" 4 2261 11569.2117624572 1009 166.144482091982 302 187 25 146.663333333333 "M" 15.4162594604423 565.25 78.882782079983 2892.30294061431 6.87970181140481 252.25 36.6658333333333 58.7548638132296 36.3813229571984 4.86381322957198
"andreas seppi" 3 1811.5 9135.41203731135 839 166.669298328108 238 168 13 108.086666666667 "M" 16.7596990069697 603.833333333333 84.5193243444584 3045.13734577045 7.76228952075496 279.666666666667 36.0288888888889 56.8019093078759 40.0954653937947 3.10262529832936
"karen khachanov" 4 1444.5 7586.35997403556 791 176.723962446069 237 139 20 105.766666666667 "M" 13.657421998109 361.125 71.7273240532828 1896.58999350889 7.47872675701228 197.75 26.4416666666667 59.8484848484849 35.1010101010101 5.05050505050505
"daniel evans" 3 1664.5 9706.70206890329 769 171.678647205151 264 138 20 103.953333333333 "M" 16.0119925607645 554.833333333333 93.3755730350474 3235.5673563011 7.39755018277432 256.333333333333 34.6511111111111 62.5592417061611 32.7014218009479 4.739336492891
"donald young" 3 1324 7799.1945979296 671 165.135795257384 215 121 13 88.0266666666666 "M" 15.0408966979703 441.333333333333 88.6003627453378 2599.7315326432 7.62269009391094 223.666666666667 29.3422222222222 61.6045845272206 34.6704871060172 3.72492836676218
"marcos baghdatis" 4 1392.5 7518.16998688174 691 170.817918949556 185 136 16 90.8933333333334 "M" 15.3201554936189 348.125 82.7142069849098 1879.54249672043 7.60231773507407 172.75 22.7233333333334 54.8961424332344 40.3560830860534 4.74777448071217
"ernesto escobedo" 1 486.5 2600.12775590551 263 172.008547008547 72 46 3 33.31 "M" 14.6052236565596 486.5 78.0584736086914 2600.12775590551 7.89552686880817 263 33.31 59.504132231405 38.0165289256198 2.47933884297521
"gilles muller" 7 2677.5 14574.8951478974 1902 176.805272477845 573 303 46 250.366666666667 "M" 10.6943150046598 382.5 58.2141997652671 2082.12787827105 7.59685794168553 271.714285714286 35.7666666666667 62.1475054229935 32.8633405639913 4.98915401301518
"benoit paire" 6 2269.5 12911.6789028335 1291 169.416598136632 360 266 42 161.326666666667 "M" 14.0677300714906 378.25 80.034374785116 2151.94648380558 8.00239679325592 215.166666666667 26.8877777777778 53.8922155688623 39.8203592814371 6.2874251497006
"ivo karlovic" 3 895 5241.09748725042 730 188.503708312091 239 111 20 94.7866666666667 "M" 9.44225629483753 298.333333333333 55.2936153529022 1747.03249575014 7.70150513433675 243.333333333333 31.5955555555556 64.5945945945946 30 5.40540540540541
"radek stepanek" 1 327 1614.89386666667 160 169.661971830986 48 23 7 20.9666666666667 "M" 15.5961844197138 327 77.0219650238474 1614.89386666667 7.63116057233703 160 20.9666666666667 61.5384615384615 29.4871794871795 8.97435897435897
"carlos berlocq" 1 352.5 1903.80757894737 144 154.098591549296 39 33 1 21.1266666666667 "M" 16.6850741558851 352.5 90.1139592433276 1903.80757894737 6.81603029346796 144 21.1266666666667 53.4246575342466 45.2054794520548 1.36986301369863
"denis istomin" 3 1986 10522.9615656603 876 171.274351317689 309 122 7 128.426666666667 "M" 15.4640780730897 662 81.9375121910844 3507.65385522011 6.82101328903654 292 42.8088888888889 70.5479452054795 27.8538812785388 1.59817351598174
"mischa zverev" 7 2627 15891.3211240962 1621 168.01605427476 514 270 27 202.58 "M" 12.9677164576957 375.285714285714 78.444669385409 2270.18873201374 8.00177707572317 231.571428571429 28.94 63.3785450061652 33.2922318125771 3.32922318125771
"lukas lacko" 1 364.5 2036.88351098901 183 163.580952380952 62 43 1 26.33 "M" 13.8435244967717 364.5 77.3597991260543 2036.88351098901 6.95024686669199 183 26.33 58.4905660377358 40.5660377358491 0.943396226415094
"gilles simon" 3 1246 7427.19565215369 664 162.948083261237 224 123 6 87.8766666666667 "M" 14.1789629404848 415.333333333333 84.5184044170279 2475.73188405123 7.55604445624549 221.333333333333 29.2922222222222 63.4560906515581 34.8441926345609 1.69971671388102
"pablo carreno busta" 6 2566.5 13591.742674335 1189 165.019703954943 407 205 17 165.406666666667 "M" 15.5163032525896 427.75 82.1716739006991 2265.2904457225 7.18834387973076 198.166666666667 27.5677777777778 64.7058823529412 32.5914149443561 2.7027027027027
"roger federer" 19 6687 35328.8853195088 4016 173.587919134268 1178 651 52 494.01 "M" 13.536163235562 351.947368421053 71.5145145230031 1859.41501681625 8.12939009331795 211.368421052632 26.0005263157895 62.6262626262626 34.6092503987241 2.76448697501329
"rafael nadal" 24 9485 56342.2939760266 4612 172.459992741476 1399 651 53 688.553333333333 "M" 13.7752582709642 395.208333333333 81.827058629242 2347.59558233444 6.69810133323006 192.166666666667 28.6897222222222 66.5240133143129 30.9557774607703 2.52020922491679
"david goffin" 10 4005 21655.0092060749 2026 160.1009612261 551 409 48 262.126666666667 "M" 15.2788728095832 400.5 82.6127668788942 2165.50092060749 7.72908771840586 202.6 26.2126666666667 54.6626984126984 40.5753968253968 4.76190476190476
"angelique kerber" 10 3787.5 17754.8981458999 1495 139.760865621347 479 223 39 195.403333333333 "W" 19.3829856194879 378.75 90.8628212376106 1775.48981458999 7.65084184848433 149.5 19.5403333333333 64.642375168691 30.0944669365722 5.26315789473684
"louisa chirico" 1 178.5 883.794163043478 93 150.454545454545 27 17 2 11.2133333333333 "W" 15.9185493460167 178.5 78.8163641239727 883.794163043478 8.29369797859693 93 11.2133333333333 58.695652173913 36.9565217391304 4.34782608695652
"pauline parmentier" 4 1033 5663.86107947434 635 155.596620998827 173 114 25 80.1333333333333 "W" 12.8910149750416 258.25 70.6804627222256 1415.96526986858 7.92429284525791 158.75 20.0333333333333 55.4487179487179 36.5384615384615 8.01282051282051
"coco vandeweghe" 16 4068 20511.0791739239 2322 158.901938985787 617 421 77 323.623333333333 "W" 12.5701690236592 254.25 63.3794818274039 1281.94244837024 7.17500798253113 145.125 20.2264583333333 55.3363228699552 37.7578475336323 6.90582959641256
"aliaksandra sasnovich" 3 590 2849.3988426187 356 147.853632478633 102 54 11 42.4266666666667 "W" 13.9063482086738 196.666666666667 67.1605635438096 949.799614206233 8.3909490886235 118.666666666667 14.1422222222222 61.0778443113772 32.3353293413174 6.58682634730539
"marina erakovic" 2 520.5 2649.36963285571 255 152.454761904762 75 41 11 34.3333333333333 "W" 15.1601941747573 260.25 77.1661058113314 1324.68481642785 7.42718446601942 127.5 17.1666666666667 59.0551181102362 32.2834645669291 8.66141732283465
"simona halep" 14 4841.5 27114.1744347789 2189 141.108557383488 766 284 30 280.59 "W" 17.2547132827257 345.821428571429 96.6327183248831 1936.72674534135 7.80141843971632 156.357142857143 20.0421428571428 70.9259259259259 26.2962962962963 2.77777777777778
"ashleigh barty" 6 1891 8978.18119174283 917 150.967711318023 272 130 18 117.276666666667 "W" 16.1242645595884 315.166666666667 76.5555625592715 1496.36353195714 7.81911718727795 152.833333333333 19.5461111111111 64.7619047619048 30.952380952381 4.28571428571429
"mona barthel" 5 1322.5 6841.59680584397 733 150.12852895568 255 124 18 92.7233333333334 "W" 14.2628608404932 264.5 73.7850609969871 1368.31936116879 7.90523780422043 146.6 18.5446666666667 64.2317380352645 31.2342569269521 4.53400503778338
"ying ying duan" 5 1259.5 5469.79343846098 712 146.109949196339 245 101 11 89.9300000000001 "W" 14.0053374847103 251.9 60.822789263438 1093.9586876922 7.91726898698987 142.4 17.986 68.6274509803922 28.2913165266106 3.0812324929972
"stefanie voegele" 2 591 2968.30504861111 277 147.327828054298 85 48 6 39.1066666666667 "W" 15.1125127855438 295.5 75.9027884915899 1484.15252430555 7.08319127173542 138.5 19.5533333333333 61.1510791366906 34.5323741007194 4.31654676258993
"kateryna kozlova" 1 359.5 1871.35645454545 167 144.428571428571 54 30 3 23.9133333333333 "W" 15.0334541399498 359.5 78.2557759079504 1871.35645454545 6.98355171452468 167 23.9133333333333 62.0689655172414 34.4827586206897 3.44827586206897
"elina svitolina" 15 4822.5 26014.4287805205 2338 145.426777316015 667 423 58 301.76 "W" 15.9812433722163 321.5 86.2090031167832 1734.2952520347 7.74787910922587 155.866666666667 20.1173333333333 58.1010452961672 36.8466898954704 5.05226480836237
"laura siegemund" 1 406 2063.20147058824 207 143.990654205607 74 33 7 31.5033333333333 "W" 12.8875251296159 406 65.4915290632179 2063.20147058824 6.57073325574014 207 31.5033333333333 64.9122807017544 28.9473684210526 6.14035087719298
"karolina pliskova" 17 4413.5 21988.5774690895 2521 155.474018240514 744 420 54 325.506666666667 "W" 13.5588620816778 259.617647058824 67.551849841548 1293.44573347585 7.7448490558309 148.294117647059 19.1474509803922 61.0837438423645 34.4827586206897 4.43349753694581
"daria gavrilova" 6 2137.5 11617.5777145017 1010 142.933765352954 312 169 23 147.77 "W" 14.4650470325506 356.25 78.6193254009722 1936.26295241694 6.83494620017595 168.333333333333 24.6283333333333 61.9047619047619 33.531746031746 4.56349206349206
"danka kovinic" 2 495 2615.87132371414 232 146.673940677966 60 41 4 33.7366666666667 "W" 14.6724631953364 247.5 77.5379307493569 1307.93566185707 6.87679083094555 116 16.8683333333334 57.1428571428571 39.0476190476191 3.80952380952381
"elena vesnina" 6 1498 6846.51662377024 849 154.647306552284 253 145 23 112.796666666667 "W" 13.2805342947487 249.666666666667 60.6978630317406 1141.08610396171 7.52681816838559 141.5 18.7994444444445 60.0950118764846 34.4418052256532 5.46318289786223
"heather watson" 4 1124.5 5771.11719357712 621 148.553376582994 187 110 14 82.5666666666667 "W" 13.6192975373436 281.125 69.8964536969372 1442.77929839428 7.52119499394429 155.25 20.6416666666667 60.128617363344 35.3697749196142 4.5016077170418
"mirjana lucic baroni" 7 1705.5 7433.26377516851 1068 153.985419515472 320 190 42 131.56 "W" 12.9636667680146 243.642857142857 56.5009408267597 1061.89482502407 8.1179689875342 152.571428571429 18.7942857142857 57.9710144927536 34.4202898550725 7.60869565217391
"tsvetana pironkova" 2 745 3890.94564362745 259 142.97565822156 83 45 6 37.4233333333333 "W" 19.9073661708382 372.5 103.971113662442 1945.47282181373 6.92081589026455 129.5 18.7116666666667 61.9402985074627 33.5820895522388 4.47761194029851
"dominika cibulkova" 10 3588.5 18194.2191095181 1758 143.106171280452 608 285 35 251.273333333333 "W" 14.2812607784352 358.85 72.4080779609912 1819.42191095181 6.99636518001645 175.8 25.1273333333333 65.5172413793103 30.7112068965517 3.77155172413793
"sara errani" 3 909 4707.97804055152 355 123.095896420914 135 27 3 51.09 "W" 17.7921315325895 303 92.1506760726467 1569.32601351717 6.94852221569779 118.333333333333 17.03 81.8181818181818 16.3636363636364 1.81818181818182
"ekaterina alexandrova" 3 630 3085.45527869565 414 157.317966731266 118 77 16 49.4933333333334 "W" 12.7289870689655 210 62.3408259434735 1028.48509289855 8.36476293103447 138 16.4977777777778 55.9241706161137 36.4928909952607 7.58293838862559
"caroline wozniacki" 12 3971 21375.515209725 1695 147.867627413263 561 262 20 242.356666666667 "W" 16.3849423026669 330.916666666667 88.1985855958505 1781.29293414375 6.99382452858734 141.25 20.1963888888889 66.5480427046263 31.079478054567 2.37247924080664
"luksika kumkhum" 1 280.5 1268.97902347418 218 139.067307692308 65 42 6 29.1366666666667 "W" 9.62704496053082 280.5 43.5526492440514 1268.97902347418 7.4819814666514 218 29.1366666666667 57.5221238938053 37.1681415929204 5.30973451327434
"kirsten flipkens" 3 1010.5 5462.73827037592 441 143.329996724801 118 74 9 60.6400000000001 "W" 16.6639182058047 336.833333333333 90.0847340101568 1820.91275679197 7.27242744063323 147 20.2133333333334 58.7064676616915 36.81592039801 4.47761194029851
"barbora strycova" 7 1833 10561.4861279234 794 147.105807798067 265 132 12 123.483333333333 "W" 14.8441085166689 261.857142857143 85.5296487616955 1508.78373256048 6.43001754622756 113.428571428571 17.6404761904762 64.7921760391198 32.2738386308068 2.93398533007335
"kateryna bondarenko" 1 207.5 1024.59912413793 147 145.137931034483 43 15 9 19.6533333333333 "W" 10.5580054274084 207.5 52.133605366584 1024.59912413793 7.4796472184532 147 19.6533333333333 64.1791044776119 22.3880597014925 13.4328358208955
"yanina wickmayer" 3 717 3243.26831244829 446 149.508279516476 147 67 12 57.4366666666667 "W" 12.4833149556033 239 56.466861687336 1081.08943748276 7.76507457489408 148.666666666667 19.1455555555556 65.0442477876106 29.646017699115 5.30973451327434
"belinda bencic" 1 166 820.440888888889 118 151.409836065574 37 24 1 15.9466666666667 "W" 10.4096989966555 166 51.4490523968784 820.440888888889 7.39966555183945 118 15.9466666666667 59.6774193548387 38.7096774193548 1.61290322580645
"shuai peng" 3 856 4184.69379658212 384 146.379132800661 120 65 9 53.0833333333333 "W" 16.1255886970173 285.333333333333 78.8325361993492 1394.89793219404 7.23390894819467 128 17.6944444444444 61.8556701030928 33.5051546391753 4.63917525773196
"alison riske" 5 1648.5 8273.19770342944 804 146.690209985695 279 119 21 116.36 "W" 14.1672396012375 329.7 71.1000146393042 1654.63954068589 6.9095909247164 160.8 23.272 66.5871121718377 28.4009546539379 5.01193317422434
"samantha crawford" 1 226 934.454506756757 149 161.736842105263 48 28 0 19.03 "W" 11.8759852863899 226 49.1042830665663 934.454506756757 7.82974251182344 149 19.03 63.1578947368421 36.8421052631579 0
"shelby rogers" 6 2254 10829.900108001 1089 149.587109027173 336 186 15 151.306666666667 "W" 14.8968981318294 375.666666666667 71.5758290535845 1804.98335133351 7.19730348960169 181.5 25.2177777777778 62.5698324022346 34.6368715083799 2.79329608938547
"varvara lepchenko" 3 1116 5655.52980929958 496 146.441254509584 196 50 9 70.7766666666667 "W" 15.7679084444026 372 79.9066991376571 1885.17660309986 7.00795930862337 165.333333333333 23.5922222222222 76.8627450980392 19.6078431372549 3.52941176470588
"natalia vikhlyantseva" 1 225 1042.76879508197 123 149.683333333333 35 25 2 15.5033333333333 "W" 14.5130079552785 225 67.2609414157368 1042.76879508197 7.93377768221889 123 15.5033333333333 56.4516129032258 40.3225806451613 3.2258064516129
"jelena jankovic" 5 1981.5 10014.580731836 884 149.709336603766 278 136 29 127.803333333333 "W" 15.5042904462586 396.3 78.3593077789002 2002.91614636721 6.91687749406641 176.8 25.5606666666667 62.7539503386004 30.6997742663657 6.54627539503386
"jaimee fourlis" 2 649 3955.85637999518 302 140.078733031675 100 49 8 43.6266666666666 "W" 14.8762224938876 324.5 90.6751920842417 1977.92818999759 6.92237163814182 151 21.8133333333333 63.6942675159236 31.2101910828025 5.09554140127389
"jelena ostapenko" 13 3380.5 16053.2842100782 2070 142.054780424236 599 370 63 261.423333333333 "W" 12.9311334106876 260.038461538462 61.4072355569313 1234.86801615986 7.91819143917273 159.230769230769 20.1094871794872 58.0426356589147 35.8527131782946 6.1046511627907
"naomi osaka" 6 1562.5 7097.13950458145 939 150.259633219535 293 157 19 120.156666666667 "W" 13.0038560767886 260.416666666667 59.0657156316597 1182.85658409691 7.8147973479069 156.5 20.0261111111111 62.4733475479744 33.4754797441365 4.05117270788913
"oceane dodin" 4 963 4083.60492499721 630 157.373945529932 160 135 32 80.6499999999999 "W" 11.9404835709858 240.75 50.6336630501825 1020.9012312493 7.81153130812152 157.5 20.1625 48.9296636085627 41.2844036697248 9.78593272171254
"lucie safarova" 6 1403 6711.30766848187 833 144.300678389378 262 122 19 107.436666666667 "W" 13.0588563805032 233.833333333333 62.4675716094617 1118.55127808031 7.75340510688467 138.833333333333 17.9061111111111 65.0124069478908 30.272952853598 4.71464019851117
"eugenie bouchard" 5 1353.5 6128.56255815612 708 152.892905267624 218 141 10 92.1133333333333 "W" 14.6938553955273 270.7 66.5328496579155 1225.71251163122 7.68618368676269 141.6 18.4226666666667 59.0785907859079 38.2113821138211 2.710027100271
"sorana cirstea" 5 1292.5 6013.84534661006 626 148.307183908046 183 106 15 82.3266666666667 "W" 15.6996517936675 258.5 73.0485708957413 1202.76906932201 7.60385456312252 125.2 16.4653333333333 60.1973684210526 34.8684210526316 4.93421052631579
"anastasija sevastova" 5 1580 9203.58011040676 710 144.190557727978 210 131 9 95.19 "W" 16.5983821830024 316 96.6864178002601 1840.71602208135 7.45876667717197 142 19.038 60 37.4285714285714 2.57142857142857
"maria sakkari" 4 1266.5 6842.21732978311 600 146.220575273379 199 107 7 84.18 "W" 15.0451413637444 316.625 81.2807950793907 1710.55433244578 7.12758374910905 150 21.045 63.5782747603834 34.185303514377 2.23642172523962
"nicole gibbs" 2 456.5 2654.04108523564 272 146.961578947368 79 47 10 34.15 "W" 13.3674963396779 228.25 77.7171620859632 1327.02054261782 7.96486090775988 136 17.075 58.0882352941177 34.5588235294118 7.35294117647059
"anastasia pavlyuchenkova" 4 1107.5 5517.16103408902 605 152.158717899822 200 99 19 81.0866666666666 "W" 13.6582257666694 276.875 68.0402988665094 1379.29025852226 7.46115267614898 151.25 20.2716666666666 62.8930817610063 31.1320754716981 5.9748427672956
"jennifer brady" 7 1943 10272.7761235603 973 150.76291563378 279 191 23 131.85 "W" 14.7364429275692 277.571428571429 77.9125985859713 1467.5394462229 7.3795980280622 139 18.8357142857143 56.5922920892495 38.7423935091278 4.66531440162272
"ekaterina makarova" 9 2596.5 12688.7544605974 1236 146.247960903341 410 167 25 169.936666666667 "W" 15.2792216708185 288.5 74.667549443503 1409.86160673305 7.27329789529432 137.333333333333 18.8818518518519 68.1063122923588 27.7408637873754 4.15282392026578
"venus williams" 24 6258 31330.0349081851 3495 155.555744105683 1045 528 116 459.096666666667 "W" 13.6311161774209 260.75 68.2427845439634 1305.41812117438 7.61277581337264 145.625 19.1290277777778 61.8709295441089 31.2611012433393 6.86796921255181
"johanna konta" 13 3440 17683.0454519093 1957 156.644278651745 588 334 32 270.503333333333 "W" 12.7170336779584 264.615384615385 65.3708966688371 1360.23426553149 7.23466131039667 150.538461538462 20.8079487179487 61.6352201257862 35.0104821802935 3.35429769392034
"richard gasquet" 8 3476 19356.8953052041 1519 163.504694843905 444 291 24 220.73 "M" 15.7477461151633 434.5 87.6949001277764 2419.61191315051 6.88171068726498 189.875 27.59125 58.498023715415 38.3399209486166 3.16205533596838
"stephane robert" 1 294.5 1837.59997080292 158 155.083333333333 39 34 1 21.7766666666667 "M" 13.5236491657737 294.5 84.3838957968583 1837.59997080292 7.25547221797029 158 21.7766666666667 52.7027027027027 45.945945945946 1.35135135135135
"horacio zeballos" 4 1338 7362.87331748777 673 167.928192509529 201 135 5 97.78 "M" 13.6837799140929 334.5 75.3004021015317 1840.71832937194 6.88279811822459 168.25 24.445 58.9442815249267 39.5894428152493 1.46627565982405
"lucas pouille" 8 3402 19625.3107672113 2033 175.890953635842 563 397 49 264.413333333333 "M" 12.8662195552418 425.25 74.2220920549064 2453.16384590142 7.68871968130705 254.125 33.0516666666667 55.7978196233895 39.3458870168484 4.85629335976214
"marcel granollers" 1 443 2728.04209302326 190 180.846153846154 61 41 1 29.4033333333333 "M" 15.06631901145 443 92.7800281041808 2728.04209302326 6.46185239768734 190 29.4033333333333 59.2233009708738 39.8058252427184 0.970873786407767
"thiago monteiro" 2 717 4475.13526675913 346 169.838935574229 103 62 10 46.83 "M" 15.3106982703395 358.5 95.5612911970773 2237.56763337956 7.38842622250694 173 23.415 58.8571428571429 35.4285714285714 5.71428571428571
"robin haase" 3 1175 6721.33917161754 622 178.069879187976 208 89 16 79.6133333333334 "M" 14.7588343661028 391.666666666667 84.4247928104698 2240.44639053918 7.81276168146039 207.333333333333 26.5377777777778 66.4536741214058 28.4345047923323 5.11182108626198
"joao sousa" 2 1010 5414.70054602962 451 166.535714285715 124 83 7 65.59 "M" 15.3986888245159 505 82.5537512735115 2707.35027301481 6.87604817807593 225.5 32.795 57.9439252336449 38.785046728972 3.27102803738318
"feliciano lopez" 4 1405 7957.12322414756 818 178.881946054767 235 152 10 104.103333333333 "M" 13.4962056930614 351.25 76.4348553438656 1989.28080603689 7.8575774070635 204.5 26.0258333333333 59.1939546599496 38.2871536523929 2.51889168765743
"nikoloz basilashvili" 2 495 2950.08594587642 329 171.319302721088 125 52 5 40.45 "M" 12.2373300370828 247.5 72.9316673887866 1475.04297293821 8.13349814585908 164.5 20.225 68.6813186813187 28.5714285714286 2.74725274725275
"diego schwartzman" 5 2519 13659.2978507725 1141 156.335664521474 368 195 22 157.366666666667 "M" 16.0072018640119 503.8 86.7991814283359 2731.85957015449 7.25058250370684 228.2 31.4733333333333 62.9059829059829 33.3333333333333 3.76068376068376
"kevin anderson" 10 3378 17745.0884927334 2140 187.456230535999 654 333 24 298.413333333333 "M" 11.3198695321925 337.8 59.4647976835265 1774.50884927334 7.17126133774184 214 29.8413333333333 64.6884272997033 32.9376854599407 2.37388724035608
"albert ramos vinolas" 4 2016.5 11428.2262213167 1040 164.000498711146 340 181 17 144.573333333333 "M" 13.9479387623351 504.125 79.0479541269717 2857.05655532918 7.19358111223831 260 36.1433333333334 63.1970260223048 33.6431226765799 3.15985130111524
"julia boserup" 2 429 1845.70812472309 232 156.773779983458 83 29 7 30.1333333333334 "W" 14.2367256637168 214.5 61.2513758204563 922.854062361544 7.69911504424777 116 15.0666666666667 69.7478991596639 24.3697478991597 5.88235294117647
"christina mchale" 4 1515 7810.10569538747 703 147.84453073649 215 136 21 100.216666666667 "W" 15.1172459670713 378.75 77.9322038455427 1952.52642384687 7.01480126392815 175.75 25.0541666666667 57.7956989247312 36.5591397849462 5.64516129032258
"lara arruabarrena" 2 470 2818.57601398602 260 144.078659370725 65 48 6 35.3366666666667 "W" 13.3006320158475 235 79.7634944057924 1409.28800699301 7.35779643429864 130 17.6683333333334 54.6218487394958 40.3361344537815 5.04201680672269
"jana cepelova" 3 976.5 5003.89412435298 438 135.633745543672 131 62 9 58.2699999999999 "W" 16.7581946112923 325.5 85.8742770611462 1667.96470811766 7.51673245237688 146 19.4233333333333 64.8514851485149 30.6930693069307 4.45544554455445
"nao hibino" 4 1156.5 5813.007310308 546 141.379486719589 177 91 12 70.6633333333334 "W" 16.3663380348129 289.125 82.2634177599131 1453.251827577 7.72677956507382 136.5 17.6658333333333 63.2142857142857 32.5 4.28571428571429
"saisai zheng" 4 982 5031.29918720015 503 143.304971960406 169 70 11 68.96 "W" 14.2401392111369 245.5 72.9596749884013 1257.82479680004 7.29408352668213 125.75 17.24 67.6 28 4.4
"ons jabeur" 4 840 4268.83178597164 509 140.926988636364 133 113 14 61.4866666666666 "W" 13.6614984278434 210 69.4269508723568 1067.20794649291 8.27821749972895 127.25 15.3716666666667 51.1538461538461 43.4615384615385 5.38461538461539
"tatjana maria" 2 580.5 3432.31481910569 262 144.703301127214 83 50 4 33.2966666666666 "W" 17.4341775953549 290.25 103.082835692433 1716.15740955284 7.8686555210732 131 16.6483333333333 60.5839416058394 36.4963503649635 2.91970802919708
"alison van uytvanck" 2 865.5 3985.63920484663 396 149.813392857143 118 78 9 57 "W" 15.1842105263158 432.75 69.9234948218707 1992.81960242331 6.94736842105263 198 28.5 57.5609756097561 38.0487804878049 4.39024390243902
"daria kasatkina" 4 1188.5 6745.29488665594 506 138.355684139928 172 64 15 64.88 "W" 18.3184340320592 297.125 103.965704171639 1686.32372166398 7.79901356350185 126.5 16.22 68.5258964143426 25.4980079681275 5.97609561752988
"carla suarez navarro" 2 608 3234.46429045489 247 143.95294117647 83 30 3 29.8466666666667 "W" 20.3707840071476 304 108.369364210014 1617.23214522745 8.27563100290372 123.5 14.9233333333333 71.551724137931 25.8620689655172 2.58620689655172
"caroline garcia" 10 2162 10885.3757204089 1347 154.75394805394 425 223 29 182.663333333333 "W" 11.8359824084381 216.2 59.5925603774278 1088.53757204089 7.37422215733864 134.7 18.2663333333333 62.7769571639586 32.9394387001477 4.28360413589365
"veronica cepede royg" 1 288 1735.36302898551 169 147.615384615385 46 19 6 22.22 "W" 12.961296129613 288 78.0991462189698 1735.36302898551 7.60576057605761 169 22.22 64.7887323943662 26.7605633802817 8.45070422535211
"kristina mladenovic" 7 2049.5 11337.754153252 1187 150.630030890214 349 199 56 172.016666666667 "W" 11.9145431644221 292.785714285714 65.9107886052822 1619.67916475028 6.90049413816491 169.571428571429 24.5738095238095 57.7814569536424 32.9470198675497 9.27152317880795
"yuichi sugita" 2 743.5 3999.85345239479 402 158.322395833334 111 78 8 55.93 "M" 13.2934024673699 371.75 71.515348692916 1999.9267261974 7.18755587341319 201 27.965 56.3451776649746 39.5939086294416 4.06091370558376
"leonardo mayer" 3 1424 8022.81604771885 750 176.540739671148 230 131 16 109.036666666667 "M" 13.059826969521 474.666666666667 73.5790655839215 2674.27201590628 6.87842010332916 250 36.3455555555555 61.0079575596817 34.7480106100796 4.24403183023873
"ryan harrison" 3 1100.5 5423.61818310673 645 178.569432803853 202 130 20 81.9899999999999 "M" 13.4223685815344 366.833333333333 66.1497522027898 1807.87272770224 7.86681302597879 215 27.33 57.3863636363636 36.9318181818182 5.68181818181818
"vaclav safranek" 1 396 2450.08728235294 178 150.639534883721 60 31 5 21.8066666666667 "M" 18.1595842250076 396 112.354965561889 2450.08728235294 8.16264139406908 178 21.8066666666667 62.5 32.2916666666667 5.20833333333333
"john millman" 4 1808.5 9218.8160871339 768 166.235301287944 244 138 6 100.25 "M" 18.0399002493766 452.125 91.9582652083183 2304.70402178348 7.66084788029926 192 25.0625 62.8865979381443 35.5670103092784 1.54639175257732
"henri laaksonen" 1 423.5 2416.06756637168 230 174.23275862069 75 41 9 30.84 "M" 13.7321660181582 423.5 78.3420092857224 2416.06756637168 7.45784695201038 230 30.84 60 32.8 7.2
"sam querrey" 13 4663.5 24586.5023956774 2981 178.79865692416 883 512 61 363.153333333333 "M" 12.8416830356323 358.730769230769 67.7028134920349 1891.26941505211 8.2086538285022 229.307692307692 27.9348717948718 60.6456043956044 35.1648351648352 4.18956043956044
"yen hsun lu" 1 353 1791.80744927536 213 174.87619047619 66 41 4 26.9466666666667 "M" 13.0999505195448 353 66.4945861928015 1791.80744927536 7.90450272142503 213 26.9466666666667 59.4594594594595 36.9369369369369 3.6036036036036
"jack sock" 4 1911.5 10489.9047868319 1088 175.520639034929 320 196 22 143.546666666667 "M" 13.3162270109604 477.875 73.0766170362616 2622.47619670798 7.57941668214749 272 35.8866666666667 59.4795539033457 36.4312267657993 4.08921933085502
"darian king" 1 694 3831.35053125 264 166.896296296296 82 53 3 33.9666666666667 "M" 20.4317958783121 694 112.797365983808 3831.35053125 7.77232580961727 264 33.9666666666667 59.4202898550725 38.4057971014493 2.17391304347826
"nicolas almagro" 1 384.5 1920.46600966184 212 165.247311827957 59 52 4 28.4566666666667 "M" 13.5117722853461 384.5 67.4873846665751 1920.46600966184 7.44992386084104 212 28.4566666666667 51.304347826087 45.2173913043478 3.47826086956522
"kyle edmund" 5 1732.5 9542.44062925823 986 166.302558840866 296 184 14 125.886666666667 "M" 13.7623788592914 346.5 75.8018373345726 1908.48812585165 7.83244187893872 197.2 25.1773333333333 59.919028340081 37.246963562753 2.83400809716599
"thanasi kokkinakis" 2 1071.5 5766.05572318056 609 176.63385106383 191 124 11 86.8533333333333 "M" 12.3368897758674 535.75 66.3884217437123 2883.02786159028 7.01182069389009 304.5 43.4266666666666 58.5889570552147 38.0368098159509 3.37423312883436
"tennys sandgren" 1 589 3479.69715254237 238 164.453846153846 74 56 2 33.6 "M" 17.5297619047619 589 103.562415254237 3479.69715254237 7.08333333333333 238 33.6 56.0606060606061 42.4242424242424 1.51515151515152
"stefano travaglia" 1 332 1879.13488111888 192 163.967391304348 47 47 8 24.9633333333333 "M" 13.2995059420484 332 75.2757997510569 1879.13488111888 7.69128054479905 192 24.9633333333333 46.078431372549 46.078431372549 7.84313725490196
"alexandr dolgopolov" 6 1704 9180.44419314895 1056 167.978181812016 324 202 21 130.83 "M" 13.0245356569594 284 70.1707879931893 1530.07403219149 8.07154322403119 176 21.805 59.2321755027422 36.9287020109689 3.83912248628885
"andrey rublev" 6 2656.5 13537.6557177951 1331 164.792554879769 409 246 21 168.73 "M" 15.7440881882297 442.75 80.2326540496362 2256.27595296585 7.88834232205298 221.833333333333 28.1216666666667 60.5029585798817 36.3905325443787 3.10650887573965
"philipp kohlschreiber" 6 2116 11600.5854135875 1037 165.359510181313 299 188 19 136.04 "M" 15.5542487503675 352.666666666667 85.2733417640952 1933.43090226458 7.62275801234931 172.833333333333 22.6733333333333 59.0909090909091 37.1541501976285 3.75494071146245
"malek jaziri" 2 917 4599.32504161301 398 157.529411764706 130 74 8 52.3233333333333 "M" 17.5256418423903 458.5 87.9019884362556 2299.66252080651 7.60654902210614 199 26.1616666666667 61.3207547169811 34.9056603773585 3.77358490566038
"adrian menendez maceiras" 1 320 1961.51990857143 184 153.2625 61 34 1 26.05 "M" 12.2840690978887 320 75.2982690430491 1961.51990857143 7.06333973128599 184 26.05 63.5416666666667 35.4166666666667 1.04166666666667
"adrian mannarino" 5 2629.5 13506.2133560778 1121 163.314901204496 354 190 11 149.39 "M" 17.6015797576812 525.9 90.4090859902119 2701.24267121555 7.5038489858759 224.2 29.878 63.7837837837838 34.2342342342342 1.98198198198198
"taylor fritz" 2 924.5 4606.34476932796 474 171.486101973684 137 89 10 57.76 "M" 16.0058864265928 462.25 79.7497363110796 2303.17238466398 8.20637119113573 237 28.88 58.0508474576271 37.7118644067797 4.23728813559322
"hyeon chung" 3 1378 6942.28090837688 683 174.832581591492 224 102 18 94.5733333333334 "M" 14.5707035105033 459.333333333333 73.4063256912823 2314.09363612563 7.22190892429155 227.666666666667 31.5244444444445 65.1162790697674 29.6511627906977 5.23255813953488
"borna coric" 2 960 4521.63831869096 462 167.852464788733 151 68 6 63.33 "M" 15.1586925627665 480 71.398047034438 2260.81915934548 7.29512079583136 231 31.665 67.1111111111111 30.2222222222222 2.66666666666667
"steve johnson" 6 2125.5 12384.5688526541 1224 173.820728568769 393 207 19 158.256666666667 "M" 13.430713819323 354.25 78.2562220821921 2064.09480877569 7.73427133138151 204 26.3761111111111 63.4894991922456 33.4410339256866 3.06946688206785
"viktor troicki" 4 1850.5 9303.32499684404 886 160.479028915433 231 170 26 117.286666666667 "M" 15.7775819928381 462.625 79.321249902041 2325.83124921101 7.55414085147502 221.5 29.3216666666667 54.0983606557377 39.8126463700234 6.08899297423888
"damir dzumhur" 2 1071.5 5777.23669417767 473 155.022870511841 142 70 7 58.7366666666667 "M" 18.2424380001135 535.75 98.3582661740707 2888.61834708883 8.05289143635435 236.5 29.3683333333334 64.8401826484018 31.9634703196347 3.19634703196347
"thomas fabbiano" 1 499.5 2561.80274566474 175 159.929411764706 55 30 2 26.5233333333333 "M" 18.8324745507101 499.5 96.586756780121 2561.80274566474 6.59796405680534 175 26.5233333333333 63.2183908045977 34.4827586206897 2.29885057471264
"denis shapovalov" 3 1196.5 6777.70224751984 633 170.139648045696 179 102 13 85.99 "M" 13.9144086521689 398.833333333333 78.8196563265477 2259.23408250661 7.36132108384696 211 28.6633333333333 60.8843537414966 34.6938775510204 4.42176870748299
"nicolas mahut" 1 319 1692.40258895706 167 162.635294117647 54 34 3 21.69 "M" 14.7072383586906 319 78.0268597951618 1692.40258895706 7.69940064545874 167 21.69 59.3406593406593 37.3626373626374 3.2967032967033
"juan martin del potro" 9 3921 21389.6843506471 1991 174.529989573808 600 328 35 296.696666666667 "M" 13.215517531935 435.666666666667 72.0927693288781 2376.63159451634 6.71055735936815 221.222222222222 32.9662962962963 62.3052959501558 34.0602284527518 3.63447559709242
"taylor townsend" 1 412.5 2494.80205128205 200 138.947916666667 71 25 5 27.3033333333333 "W" 15.1080454157002 412.5 91.373533803518 2494.80205128205 7.32511292882433 200 27.3033333333333 70.2970297029703 24.7524752475248 4.95049504950495
"agnieszka radwanska" 11 4161.5 21887.2672558819 1684 138.02479415777 546 284 18 246.446666666667 "W" 16.8860064381746 378.318181818182 88.8113746958714 1989.75156871653 6.8331214326291 153.090909090909 22.4042424242424 64.3867924528302 33.4905660377358 2.12264150943396
"kurumi nara" 5 1647 8373.24465730696 655 135.081111105847 224 101 11 90.1433333333333 "W" 18.2709018969789 329.4 92.8881188178859 1674.64893146139 7.26620567244759 131 18.0286666666667 66.6666666666667 30.0595238095238 3.27380952380952
"marketa vondrousova" 1 601.5 3153.21831838565 227 135.8625 58 30 9 30.2733333333333 "W" 19.8689715921603 601.5 104.158279620755 3153.21831838565 7.49834838141379 227 30.2733333333333 59.7938144329897 30.9278350515464 9.27835051546392
"evgeniya rodina" 3 802.5 3980.3483502927 378 142.500434243176 132 53 4 47.6233333333333 "W" 16.850983411493 267.5 83.579793174761 1326.7827834309 7.93728564429202 126 15.8744444444444 69.8412698412698 28.042328042328 2.11640211640212
"allie kiick" 1 180.5 1156.3002 88 136 19 17 5 12.08 "W" 14.9420529801325 180.5 95.7202152317881 1156.3002 7.28476821192053 88 12.08 46.3414634146341 41.4634146341463 12.1951219512195
"elise mertens" 3 781.5 3689.40825879613 422 153.137272041684 146 58 14 50.89 "W" 15.3566516014934 260.5 72.4977060089631 1229.80275293204 8.29239536254667 140.666666666667 16.9633333333333 66.9724770642202 26.605504587156 6.42201834862385
"viktoria kuzmova" 1 225 1018.54682840237 171 154.325842696629 51 38 6 20.6566666666667 "W" 10.8923672744876 225 49.3083828498807 1018.54682840237 8.27819912861061 171 20.6566666666667 53.6842105263158 40 6.31578947368421
"petra kvitova" 8 1845.5 8903.85545977576 1090 155.574874089901 302 179 47 149.196666666667 "W" 12.3695793024867 230.6875 59.6786487171905 1112.98193247197 7.30579324828526 136.25 18.6495833333333 57.1969696969697 33.9015151515151 8.90151515151515
"kristyna pliskova" 2 396 1932.17998180716 193 147.748546511628 61 31 4 22.53 "W" 17.5765645805593 198 85.7603187664073 966.089990903578 8.56635596981802 96.5 11.265 63.5416666666667 32.2916666666667 4.16666666666667
"claire liu" 1 313.5 1696.18086206897 175 138.585365853659 60 22 4 22.5466666666667 "W" 13.9044943820225 313.5 75.2297839474705 1696.18086206897 7.76167947959786 175 22.5466666666667 69.7674418604651 25.5813953488372 4.65116279069767
"sloane stephens" 7 2658.5 13209.8306265842 1114 142.316254306892 359 181 10 151.543333333333 "W" 17.542837032312 379.785714285714 87.168668763066 1887.1186609406 7.35103270791633 159.142857142857 21.6490476190476 65.2727272727273 32.9090909090909 1.81818181818182
"amandine hesse" 1 264 1540.89355238095 109 144.170212765957 34 15 0 15.45 "W" 17.0873786407767 264 99.7342105100939 1540.89355238095 7.05501618122977 109 15.45 69.3877551020408 30.6122448979592 0
"lauren davis" 1 374.5 1774.0234939759 175 135.432098765432 57 24 11 23.5166666666667 "W" 15.9248759744862 374.5 75.4368601265442 1774.0234939759 7.44153082919914 175 23.5166666666667 61.9565217391304 26.0869565217391 11.9565217391304
"maria sharapova" 4 1415 6875.94196281657 732 150.987573427589 210 127 22 108.423333333333 "W" 13.0506963445753 353.75 63.417548155224 1718.98549070414 6.75131429274142 183 27.1058333333333 58.4958217270195 35.3760445682451 6.12813370473538
"risa ozaki" 2 698 3791.89064069479 233 134.981818181818 84 33 1 34.4966666666667 "W" 20.2338390182626 349 109.92049398091 1895.94532034739 6.75427577543723 116.5 17.2483333333333 71.1864406779661 27.9661016949153 0.847457627118644
"denisa allertova" 2 527 2529.59488721661 334 157.599945533769 104 46 16 42.7833333333333 "W" 12.317880794702 263.5 59.1257083104779 1264.79744360831 7.80677834047527 167 21.3916666666667 62.6506024096386 27.710843373494 9.63855421686747
"sofia kenin" 3 1278.5 6075.97383544486 543 142.636607142857 165 75 20 75.8533333333334 "W" 16.854895412199 426.166666666667 80.1016061976383 2025.32461181495 7.15855159078924 181 25.2844444444445 63.4615384615385 28.8461538461538 7.69230769230769
"timea babos" 2 643 3459.48056102246 339 159.234638600836 112 52 5 48.43 "W" 13.2768944868883 321.5 71.4325946938356 1729.74028051123 6.99979351641545 169.5 24.215 66.2721893491124 30.7692307692308 2.9585798816568
"kaia kanepi" 4 1153 6030.90325865937 572 147.253830119367 200 75 8 71.7066666666667 "W" 16.079397545556 288.25 84.1051960579123 1507.72581466484 7.97694310152473 143 17.9266666666667 70.6713780918728 26.5017667844523 2.82685512367491
"magdalena rybarikova" 6 1653 9211.94987500866 752 150.46419238135 217 145 9 104.57 "W" 15.8075929999044 275.5 88.0936203022727 1535.32497916811 7.19135507315674 125.333333333333 17.4283333333333 58.4905660377358 39.0835579514825 2.42587601078167
"aleksandra krunic" 2 578.5 3122.77577791368 321 141.97544400145 90 66 6 41.9433333333333 "W" 13.7924183422078 289.25 74.4522556921326 1561.38788895684 7.65318286577129 160.5 20.9716666666666 55.5555555555556 40.7407407407407 3.7037037037037
"julia goerges" 4 858.5 4742.24376446751 479 152.177637485971 135 84 10 63.5933333333334 "W" 13.4998427508124 214.625 74.5713979106956 1185.56094111688 7.53223608344689 119.75 15.8983333333333 58.9519650655022 36.6812227074236 4.36681222707424
"madison keys" 9 2320.5 10837.61683291 1284 152.666357621237 396 197 20 158.266666666667 "W" 14.6619629317607 257.833333333333 68.4769387083616 1204.17964810111 8.11288963774221 142.666666666667 17.5851851851852 64.6003262642741 32.137030995106 3.2626427406199
"nick kyrgios" 4 1426 6819.38572112728 786 177.606500223033 264 126 19 93.4666666666666 "M" 15.2567760342368 356.5 72.9606175584232 1704.84643028182 8.40941512125536 196.5 23.3666666666667 64.5476772616137 30.8068459657702 4.64547677261614
"daniil medvedev" 1 415.5 2349.40611872146 220 179.257425742574 73 31 7 26.4966666666667 "M" 15.6812177632406 415.5 88.6679878747562 2349.40611872146 8.30293118631273 220 26.4966666666667 65.7657657657658 27.9279279279279 6.30630630630631
"marton fucsovics" 1 267 1574.28671957672 190 167.923076923077 55 39 5 23.1933333333333 "M" 11.511928715148 267 67.8766909849119 1574.28671957672 8.19200919804543 190 23.1933333333333 55.5555555555556 39.3939393939394 5.05050505050505
"kei nishikori" 9 3953.5 21964.9869367967 2101 162.887730282954 661 340 34 291.926666666667 "M" 13.5427847176231 439.277777777778 75.2414542583641 2440.55410408852 7.19701294845738 233.444444444444 32.4362962962963 63.8647342995169 32.8502415458937 3.28502415458937
"milos raonic" 10 3455 20106.303964403 2215 187.291230669889 725 314 42 292.703333333333 "M" 11.8037603489312 345.5 68.6917492036409 2010.6303964403 7.56738905148558 221.5 29.2703333333333 67.0675300647548 29.0471785383904 3.88529139685476
"evgeny donskoy" 1 274.5 1412.91135869565 185 170.566265060241 52 31 1 22.12 "M" 12.4095840867993 274.5 63.874835384071 1412.91135869565 8.36347197106691 185 22.12 61.9047619047619 36.9047619047619 1.19047619047619
"james ward" 1 254.5 1257.83241975309 164 176.62962962963 59 22 3 20.0566666666667 "M" 12.6890476981884 254.5 62.7139315150285 1257.83241975309 8.17683230845935 164 20.0566666666667 70.2380952380952 26.1904761904762 3.57142857142857
"martin klizan" 3 1157.5 6954.96152302812 648 166.689530277307 211 105 12 91.88 "M" 12.5979538528515 385.833333333333 75.6961419572063 2318.32050767604 7.05267740531127 216 30.6266666666667 64.3292682926829 32.0121951219512 3.65853658536585
"jiri vesely" 2 602 3064.82070182799 340 183.929998592936 127 46 8 41.8866666666666 "M" 14.3721152315773 301 73.1693626092948 1532.41035091399 8.11714149291741 170 20.9433333333333 70.1657458563536 25.414364640884 4.41988950276243
"aljaz bedene" 3 1182.5 6235.99095115478 819 168.89137020128 266 147 13 107.973333333333 "M" 10.9517782168437 394.166666666667 57.754917428576 2078.66365038493 7.58520622375895 273 35.9911111111111 62.4413145539906 34.5070422535211 3.05164319248826
"lukas rosol" 1 442 2147.28420679887 357 183.052941176471 117 55 9 43.5133333333333 "M" 10.1578060364639 442 49.3477295878399 2147.28420679887 8.2043817986824 357 43.5133333333333 64.6408839779006 30.3867403314917 4.97237569060773
"frances tiafoe" 3 1011 5377.97001405303 600 178.099208548904 179 107 12 73.5633333333333 "M" 13.7432597761566 337 73.1066656493683 1792.65667135101 8.15623725587929 200 24.5211111111111 60.0671140939597 35.9060402684564 4.02684563758389
"dudi sela" 3 940.5 4793.43739391939 593 159.766204960048 190 106 5 74.4266666666667 "M" 12.6365997850233 313.5 64.4048377900312 1597.8124646398 7.9675743461125 197.666666666667 24.8088888888889 63.1229235880399 35.2159468438538 1.66112956810631
"dusan lajovic" 3 985 5707.38559658934 521 169.288586028607 186 72 6 66.59 "M" 14.7920108124343 328.333333333333 85.7093497009962 1902.46186552978 7.82399759723682 173.666666666667 22.1966666666667 70.4545454545455 27.2727272727273 2.27272727272727
"adam pavlasek" 1 316.5 1779.76121527778 145 174.925 49 31 3 18.8233333333333 "M" 16.8142376483089 316.5 94.5507994657933 1779.76121527778 7.70320524172128 145 18.8233333333333 59.0361445783133 37.3493975903614 3.6144578313253
"sebastian ofner" 1 258 1384.8914601227 164 178.453488372093 54 33 5 18.5833333333333 "M" 13.8834080717489 258 74.5233072711768 1384.8914601227 8.82511210762333 164 18.5833333333333 58.695652173913 35.8695652173913 5.43478260869565
"david ferrer" 5 2599 14631.5641191654 1153 169.504842161285 343 216 21 154.98 "M" 16.769905794296 519.8 94.4093697197405 2926.31282383308 7.43966963479159 230.6 30.996 59.1379310344828 37.2413793103448 3.62068965517241
"ernests gulbis" 2 630 3136.8681132572 405 188.724692049272 122 69 11 61.3466666666667 "M" 10.2695066289937 315 51.133472830752 1568.4340566286 6.60182569006737 202.5 30.6733333333333 60.3960396039604 34.1584158415842 5.44554455445545
"marin cilic" 15 5354 29940.1235185188 3043 176.972642929817 843 543 65 411.783333333333 "M" 13.0019832436152 356.933333333333 72.70843935367 1996.00823456792 7.3898085562796 202.866666666667 27.4522222222222 58.0978635423846 37.4224672639559 4.47966919365955
"katie boulter" 1 325.5 1704.68189189189 187 153.164705882353 52 34 1 24.9533333333333 "W" 13.044349452311 325.5 68.3147966293839 1704.68189189189 7.49398877905424 187 24.9533333333333 59.7701149425287 39.0804597701149 1.14942528735632
"monica puig" 1 182.5 840.150743362832 114 152.838709677419 36 27 1 16.06 "W" 11.3636363636364 182.5 52.3132467847343 840.150743362832 7.09838107098381 114 16.06 56.25 42.1875 1.5625
"johanna larsson" 1 224 1312.1891984127 127 152.916666666667 29 34 5 16.8733333333333 "W" 13.275385223232 224 77.767040601306 1312.1891984127 7.52666930067169 127 16.8733333333333 42.6470588235294 50 7.35294117647059
"victoria azarenka" 4 1250 6421.46014496988 621 147.181047513628 180 81 19 83.6566666666666 "W" 14.9420249432203 312.5 76.7596941264281 1605.36503624247 7.42319799179185 155.25 20.9141666666667 64.2857142857143 28.9285714285714 6.78571428571429
"maryna zanevska" 1 232.5 1108.40805 141 153.492307692308 42 23 3 17.95 "W" 12.9526462395543 232.5 61.7497520891365 1108.40805 7.85515320334262 141 17.95 61.7647058823529 33.8235294117647 4.41176470588235
"beatriz haddad maia" 2 444 2051.62696515151 256 156.272869022869 90 37 10 31.38 "W" 14.1491395793499 222 65.3800817447901 1025.81348257576 8.15806246016571 128 15.69 65.6934306569343 27.007299270073 7.2992700729927
"kristina kucova" 1 147 745.208053333333 77 140.755555555556 26 19 1 9.66333333333333 "W" 15.2121421179717 147 77.1170803725422 745.208053333333 7.96826491893757 77 9.66333333333333 56.5217391304348 41.304347826087 2.17391304347826
"qiang wang" 3 963.5 4797.31624678731 561 152.911324135983 168 92 8 65.27 "W" 14.7617588478627 321.166666666667 73.499559472764 1599.10541559577 8.5950666462387 187 21.7566666666667 62.6865671641791 34.3283582089552 2.98507462686567
"camila giorgi" 2 429.5 2118.48825350748 329 163.271700051361 108 50 15 39.7766666666666 "W" 10.7977876476997 214.75 53.2595722829334 1059.24412675374 8.2711807592391 164.5 19.8883333333333 62.4277456647399 28.9017341040462 8.67052023121387
"francesca schiavone" 2 345 2019.7002880949 190 151.602583586626 48 33 8 29.0733333333333 "W" 11.8665443705572 172.5 69.469168359146 1009.85014404745 6.53519834900253 95 14.5366666666667 53.9325842696629 37.0786516853933 8.98876404494382
"madison brengle" 2 398 2126.53470858896 229 130.619574119574 86 22 3 28.0433333333333 "W" 14.1923214073458 199 75.8303117290726 1063.26735429448 8.16593367407584 114.5 14.0216666666667 77.4774774774775 19.8198198198198 2.7027027027027
"polona hercog" 2 660.5 3651.95906055318 293 161.141835124997 84 48 7 41.6033333333334 "W" 15.8761317202147 330.25 87.7804437277424 1825.97953027659 7.04270491146542 146.5 20.8016666666667 60.431654676259 34.5323741007194 5.03597122302158
"petra martic" 4 1392 8037.62659511619 633 149.068457879569 211 89 14 83.7400000000001 "W" 16.6228803439216 348 95.983121508433 2009.40664877905 7.55911153570575 158.25 20.935 67.1974522292994 28.343949044586 4.45859872611465
"anett kontaveit" 2 740 3864.37833504274 376 152.020580296896 128 53 11 49.79 "W" 14.8624221731271 370 77.6135435839072 1932.18916752137 7.55171721229163 188 24.895 66.6666666666667 27.6041666666667 5.72916666666667
"carina witthoeft" 2 877.5 4318.86360297212 318 150.876181292189 106 40 11 39.8433333333334 "W" 22.0237597255919 438.75 108.396141629016 2159.43180148606 7.9812599347444 159 19.9216666666667 67.515923566879 25.4777070063694 7.00636942675159
"ana konjuh" 3 813.5 3541.41279719298 481 157.029123279123 130 85 11 65.0033333333333 "W" 12.5147428337008 271.166666666667 54.4804799322032 1180.47093239766 7.3996205322804 160.333333333333 21.6677777777778 57.5221238938053 37.6106194690265 4.86725663716814
"garbine muguruza" 7 1921 9441.03608806862 834 149.872394308718 264 140 8 110.516666666667 "W" 17.3819936661137 274.428571428571 85.4263557961268 1348.71944115266 7.54637309606394 119.142857142857 15.7880952380952 64.0776699029126 33.9805825242718 1.94174757281553
"illya marchenko" 1 452 2468.63803809524 212 172.553191489362 53 41 6 33.4966666666667 "M" 13.4938799880585 452 73.6980208407375 2468.63803809524 6.32898795900089 212 33.4966666666667 53 41 6
"gerald melzer" 1 725.5 3974.26821086262 325 164.927152317881 103 50 5 44.4966666666667 "M" 16.3045921042775 725.5 89.3160883406087 3974.26821086262 7.30391789647164 325 44.4966666666667 65.1898734177215 31.6455696202532 3.16455696202532
"luca vanni" 1 95.5 554.1201 51 172.62962962963 15 12 2 6.78666666666667 "M" 14.0717092337917 95.5 81.6483447937131 554.1201 7.51473477406679 51 6.78666666666667 51.7241379310345 41.3793103448276 6.89655172413793
"sam groth" 1 271 1136.75719354839 207 179.439252336449 64 43 8 26.1366666666667 "M" 10.3685754368065 271 43.4928144451622 1136.75719354839 7.91990817497767 207 26.1366666666667 55.6521739130435 37.3913043478261 6.95652173913043
"thomaz bellucci" 2 610 3446.72216583913 343 168.878409090909 100 58 12 45.09 "M" 13.5284985584387 305 76.4409440194972 1723.36108291956 7.6070082058106 171.5 22.545 58.8235294117647 34.1176470588235 7.05882352941176
"guido pella" 2 1103 5685.62930408794 489 162.80065934066 150 90 8 68.9066666666666 "M" 16.0071594427245 551.5 82.5120351792949 2842.81465204397 7.09655572755419 244.5 34.4533333333333 60.4838709677419 36.2903225806452 3.2258064516129
"alex bolt" 1 436 2266.48482352941 234 164.080357142857 68 45 4 30.05 "M" 14.5091514143095 436 75.4237878046393 2266.48482352941 7.78702163061564 234 30.05 58.1196581196581 38.4615384615385 3.41880341880342
"jan lennard struff" 2 761 4017.93283392765 493 186.500793650794 130 104 15 62.1133333333333 "M" 12.2517977889879 380.5 64.6871230105343 2008.96641696382 7.93710421809596 246.5 31.0566666666667 52.2088353413655 41.7670682730924 6.02409638554217
"christopher o'connell" 1 399 2216.19301587302 192 166.772727272727 65 45 1 24.4233333333333 "M" 16.3368363586734 399 90.7408086204322 2216.19301587302 7.86133478913608 192 24.4233333333333 58.5585585585586 40.5405405405405 0.900900900900901
"novak djokovic" 12 5054.5 28135.2354034075 2291 172.155814935914 696 367 26 329.853333333333 "M" 15.3234771009337 421.208333333333 85.2961985228004 2344.60295028396 6.94551113626258 190.916666666667 27.4877777777778 63.9118457300276 33.7006427915519 2.38751147842057
"victor estrella burgos" 2 1126 7434.32997627437 453 168.79826007326 163 74 9 60.9166666666667 "M" 18.484268125855 563 122.040984562643 3717.16498813718 7.43638850889193 226.5 30.4583333333333 66.260162601626 30.0813008130081 3.65853658536585
"fabio fognini" 4 1704.5 9040.05990792532 918 170.349417973049 274 144 20 119.56 "M" 14.2564402810305 426.125 75.6110731676592 2260.01497698133 7.67815322850452 229.5 29.89 62.5570776255708 32.8767123287671 4.5662100456621
"andrew whittington" 1 243.5 1205.02936111111 185 171.758620689655 47 40 5 24.2266666666667 "M" 10.0509080902587 243.5 49.7397920106401 1205.02936111111 7.63621353880021 185 24.2266666666667 51.0869565217391 43.4782608695652 5.43478260869565
"lesia tsurenko" 2 717 3910.48503282829 292 147.153198653199 93 49 6 38.05 "W" 18.8436268068331 358.5 102.77227418734 1955.24251641415 7.67411300919842 146 19.025 62.8378378378378 33.1081081081081 4.05405405405405
"misaki doi" 2 498.5 2282.31145820023 242 139.997802197803 61 40 4 36.3733333333334 "W" 13.7050953079179 249.25 62.7468326118098 1141.15572910012 6.6532258064516 121 18.1866666666667 58.0952380952381 38.0952380952381 3.80952380952381
"roberta vinci" 2 545.5 2737.58820330159 258 141.024464342821 73 40 6 35.64 "W" 15.3058361391695 272.75 76.8122391498763 1368.7941016508 7.23905723905724 129 17.82 61.3445378151261 33.6134453781513 5.04201680672269
"shuai zhang" 4 1404 7084.86804027497 613 143.669428695604 189 101 12 83.2500000000001 "W" 16.8648648648648 351 85.1035200033029 1771.21701006874 7.36336336336335 153.25 20.8125 62.5827814569536 33.4437086092715 3.97350993377483
"annika beck" 1 353.5 1746.15810457516 157 128.926829268293 60 22 8 20.2033333333333 "W" 17.4971126876753 353.5 86.4292082779325 1746.15810457516 7.77099488533247 157 20.2033333333333 66.6666666666667 24.4444444444444 8.88888888888889
"destanee aiava" 1 280 1491.48767605634 146 154.206349206349 41 22 7 18.4166666666667 "W" 15.2036199095022 280 80.985756165955 1491.48767605634 7.92760180995474 146 18.4166666666667 58.5714285714286 31.4285714285714 10
"rebecca sramkova" 1 151.5 750.795414414414 113 141.720930232558 23 21 4 13.0166666666667 "W" 11.6389244558258 151.5 57.6795452815169 750.795414414414 8.6811779769526 113 13.0166666666667 47.9166666666667 43.75 8.33333333333333
"galina voskoboeva" 1 172 843.58743 119 148.096153846154 35 17 2 13.6066666666667 "W" 12.640862322391 172 61.998096276335 843.58743 8.74571288584025 119 13.6066666666667 64.8148148148148 31.4814814814815 3.7037037037037
"svetlana kuznetsova" 13 4772.5 25324.289203069 1924 140.794074021975 661 253 41 263.093333333333 "W" 18.1399503344821 367.115384615385 96.2559137558369 1948.02224638992 7.31299412122441 148 20.2379487179487 69.2146596858639 26.4921465968586 4.29319371727749
"sara sorribes tormo" 2 405 2112.73576675787 176 141.859523809523 55 19 12 24.5466666666666 "W" 16.499185225421 202.5 86.0701697484197 1056.36788337894 7.1700162954916 88 12.2733333333333 63.953488372093 22.093023255814 13.953488372093
"naomi broady" 1 294.5 1569.22958433735 167 152.714285714286 52 32 0 23.4266666666667 "W" 12.5711439954468 294.5 66.9847574418333 1569.22958433735 7.12862834376778 167 23.4266666666667 61.9047619047619 38.0952380952381 0
"ana bogdan" 3 817.5 4471.45965889081 448 142.952893211514 134 80 12 60.3099999999999 "W" 13.5549660089538 272.5 74.1412644485296 1490.4865529636 7.42828718288842 149.333333333333 20.1033333333333 59.2920353982301 35.3982300884956 5.30973451327434
"samantha stosur" 1 368 2027.31645901639 192 162.757281553398 71 33 3 27.1166666666667 "W" 13.5709895513214 368 74.7627458764494 2027.31645901639 7.08051628764597 192 27.1166666666667 66.3551401869159 30.8411214953271 2.80373831775701
"arina rodionova" 1 251.5 1456.37789473684 100 142.08 41 9 2 13.4066666666667 "W" 18.7593237195425 251.5 108.630872307571 1456.37789473684 7.45897563401291 100 13.4066666666667 78.8461538461538 17.3076923076923 3.84615384615385
"elizaveta kulichkova" 1 201.5 913.744805555555 111 152.615384615385 34 18 4 15.1633333333333 "W" 13.2886348648055 201.5 60.2601542463546 913.744805555555 7.32029017366456 111 15.1633333333333 60.7142857142857 32.1428571428571 7.14285714285714
"serena williams" 7 1295 6085.86083234168 819 157.774948907165 203 158 31 108.71 "W" 11.9124275595621 185 55.9825299635882 869.408690334525 7.53380553766902 117 15.53 51.7857142857143 40.3061224489796 7.90816326530612
"anna blinkova" 1 168.5 769.558795698925 94 144 19 25 3 11.9266666666667 "W" 14.1280044717719 168.5 64.5242142844262 769.558795698925 7.88149804359975 94 11.9266666666667 40.4255319148936 53.1914893617021 6.38297872340426
"yulia putintseva" 3 875 4537.62987750541 360 138.389396166053 114 59 8 55.5766666666667 "W" 15.7440172734361 291.666666666667 81.6463121964627 1512.5432925018 6.47753853535656 120 18.5255555555556 62.9834254143646 32.5966850828729 4.41988950276243
"timea bacsinszky" 8 2766 15176.8151663319 1246 139.600751403751 386 188 19 182.4 "W" 15.1644736842105 345.75 83.2062234996269 1897.10189579149 6.8311403508772 155.75 22.8 65.0927487352445 31.7032040472175 3.20404721753794
"mandy minella" 1 242.5 1125.676704 129 151.777777777778 51 21 4 16.1366666666667 "W" 15.0278868002479 242.5 69.7589364180953 1125.676704 7.99421607105968 129 16.1366666666667 67.1052631578947 27.6315789473684 5.26315789473684
"su wei hsieh" 3 868.5 4254.37703965836 454 137.828652828653 145 80 4 60.6866666666667 "W" 14.3112160826101 289.5 70.1039828571629 1418.12567988612 7.4810502032297 151.333333333333 20.2288888888889 63.3187772925764 34.9344978165939 1.74672489082969
"donna vekic" 3 906.5 4631.24347647046 483 154.564756158874 152 80 15 66.6433333333334 "W" 13.6022607912769 302.166666666667 69.4929746881977 1543.74782549015 7.24753663782323 161 22.2144444444445 61.5384615384615 32.3886639676113 6.07287449392713
"andrea petkovic" 2 845 4193.76894560863 351 137.385660731022 103 45 7 53.4333333333333 "W" 15.8140985651903 422.5 78.4860064680343 2096.88447280432 6.56893325015596 175.5 26.7166666666666 66.4516129032258 29.0322580645161 4.51612903225806
"jozef kovalik" 1 296 1821.94783536585 191 160.548780487805 42 49 2 23.5433333333333 "M" 12.5725612346029 296 77.3869956972612 1821.94783536585 8.11269998584172 191 23.5433333333333 45.1612903225806 52.6881720430108 2.1505376344086
"arthur de greef" 1 361 2617.62552258065 196 165.443037974684 55 41 3 26.1566666666667 "M" 13.8014527845036 361 100.074889355702 2617.62552258065 7.49330954504905 196 26.1566666666667 55.5555555555556 41.4141414141414 3.03030303030303
"renzo olivo" 1 602.5 4025.29024390244 327 162.032051282051 110 48 4 42.4733333333333 "M" 14.1853712133103 602.5 94.772176516303 4025.29024390244 7.69894835975515 327 42.4733333333333 67.9012345679012 29.6296296296296 2.46913580246914
"julien benneteau" 2 850.5 4783.15917095483 515 171.022060100747 155 83 14 67.85 "M" 12.5350036845984 425.25 70.4960821069245 2391.57958547742 7.59027266028003 257.5 33.925 61.5079365079365 32.9365079365079 5.55555555555556
"simone bolelli" 2 663.5 3940.05638295345 391 170.097587829046 162 62 2 51.5533333333333 "M" 12.8701668175352 331.75 76.4268016866698 1970.02819147673 7.58437863701022 195.5 25.7766666666666 71.6814159292035 27.4336283185841 0.884955752212389
"yaroslava shvedova" 1 190 1276.98484375 121 156.02380952381 40 13 0 15.39 "W" 12.3456790123457 190 82.974973602989 1276.98484375 7.86224821312541 121 15.39 75.4716981132076 24.5283018867925 0
"magda linette" 2 439 2582.00142030816 254 142.974837662338 91 31 3 33.43 "W" 13.1319174394257 219.5 77.2360580409261 1291.00071015408 7.59796589889321 127 16.715 72.8 24.8 2.4
"geoffrey blancaneaux" 1 275.5 1599.66132352941 142 163.140625 43 21 8 20.12 "M" 13.6928429423459 275.5 79.5060299964915 1599.66132352941 7.05765407554672 142 20.12 59.7222222222222 29.1666666666667 11.1111111111111
"jc aragone" 1 275 1287.89282278481 162 167.686746987952 56 29 2 20.7566666666667 "M" 13.2487554199454 275 62.0471891497418 1287.89282278481 7.80472137465873 162 20.7566666666667 64.367816091954 33.3333333333333 2.29885057471264
"marius copil" 1 316 1789.50297814208 185 184.868686868687 56 43 5 22.29 "M" 14.1767608793181 316 80.2827715631261 1789.50297814208 8.29968595782862 185 22.29 53.8461538461538 41.3461538461538 4.80769230769231
"ruben bemelmans" 2 567.5 2786.65278020251 376 173.503415744958 138 56 5 44.5433333333333 "M" 12.7404026042057 283.75 62.5604904632757 1393.32639010126 8.4412182893063 188 22.2716666666667 69.3467336683417 28.1407035175879 2.51256281407035
"janko tipsarevic" 1 640.5 3519.15594797688 354 171.171232876712 94 54 8 50.13 "M" 12.7767803710353 640.5 70.2005974062813 3519.15594797688 7.06163973668462 354 50.13 60.2564102564103 34.6153846153846 5.12820512820513
"taro daniel" 1 590 3650.79483783784 226 167.754385964912 78 36 5 34.7433333333333 "M" 16.981675141514 590 105.079003295726 3650.79483783784 6.50484505420705 226 34.7433333333333 65.546218487395 30.2521008403361 4.20168067226891
"mikhail youzhny" 2 968.5 5438.17312611465 567 169.515374331551 197 107 8 69.68 "M" 13.8992537313433 484.25 78.0449644964789 2719.08656305733 8.13719862227325 283.5 34.84 63.1410256410256 34.2948717948718 2.56410256410256
"santiago giraldo" 1 232.5 1258.9336097561 126 149.206896551724 31 27 2 17.2366666666667 "M" 13.4886869077548 232.5 73.0381131167722 1258.9336097561 7.30999806613806 126 17.2366666666667 51.6666666666667 45 3.33333333333333
"bjorn fratangelo" 1 442.5 2289.62424528302 215 159.927835051546 58 40 3 27.47 "M" 16.1084819803422 442.5 83.3499907274489 2289.62424528302 7.82672005824536 215 27.47 57.4257425742574 39.6039603960396 2.97029702970297
"jared donaldson" 2 879.5 4729.01383039092 503 172.649285714286 124 110 15 66.1433333333333 "M" 13.2968805120194 439.75 71.4964546246675 2364.50691519546 7.6046968704329 251.5 33.0716666666667 49.7991967871486 44.1767068273092 6.02409638554217
"radu albot" 2 785.5 4518.82271474688 447 166.929653498493 164 56 6 56.0466666666667 "M" 14.0151064589033 392.75 80.6260743680304 2259.41135737344 7.97549660996788 223.5 28.0233333333333 72.5663716814159 24.7787610619469 2.65486725663717
"mikhail kukushkin" 1 391 1998.64355555556 226 159.289719626168 69 42 2 28.2133333333333 "M" 13.8586956521739 391 70.8403906742283 1998.64355555556 8.01039697542534 226 28.2133333333333 61.0619469026549 37.1681415929204 1.76991150442478
"brienne minor" 1 185.5 1045.63420338983 124 149.86 32 19 8 12.6633333333333 "W" 14.6485917346671 185.5 82.5717981092261 1045.63420338983 9.79205053961571 124 12.6633333333333 54.2372881355932 32.2033898305085 13.5593220338983
"catherine bellis" 2 805 4127.07314062391 343 142.395001937234 109 67 7 44.42 "W" 18.1224673570464 402.5 92.9102462995027 2063.53657031196 7.72174696082846 171.5 22.21 59.5628415300546 36.6120218579235 3.82513661202186
"katerina siniakova" 1 505 2521.57760555556 187 140.72619047619 54 30 8 27.2366666666667 "W" 18.5411822298372 505 92.5802572104598 2521.57760555556 6.86574470689021 187 27.2366666666667 58.695652173913 32.6086956521739 8.69565217391304
"mihaela buzarnescu" 1 324.5 1557.07099099099 115 137.851851851852 38 18 2 16.0766666666667 "W" 20.1845324486833 324.5 96.8528503622841 1557.07099099099 7.1532241343562 115 16.0766666666667 65.5172413793103 31.0344827586207 3.44827586206897
"misa eguchi" 1 187.5 896.481470588235 95 127.973684210526 30 9 3 11.45 "W" 16.3755458515284 187.5 78.2953249422039 896.481470588235 8.29694323144105 95 11.45 71.4285714285714 21.4285714285714 7.14285714285714
"sachia vickery" 1 656.5 3393.36501333333 232 130 63 42 8 31.75 "W" 20.6771653543307 656.5 106.877638215223 3393.36501333333 7.30708661417323 232 31.75 55.7522123893805 37.1681415929204 7.07964601769912
"monica niculescu" 1 587.5 3124.67377669903 209 127.101123595506 78 11 6 29.21 "W" 20.1129750085587 587.5 106.972741413866 3124.67377669903 7.15508387538514 209 29.21 82.1052631578947 11.5789473684211 6.31578947368421
"alexander bublik" 1 296.5 1722.75786982249 170 188.915662650602 58 27 11 23.6566666666667 "M" 12.5334648443004 296.5 72.8233564811535 1722.75786982249 7.18613498661405 170 23.6566666666667 60.4166666666667 28.125 11.4583333333333
"cameron norrie" 1 243 1302.89535947712 154 168.5 57 28 3 16.59 "M" 14.6473779385172 243 78.5349824880723 1302.89535947712 9.28270042194093 154 16.59 64.7727272727273 31.8181818181818 3.40909090909091
"marco cecchinato" 1 200.5 891.7181 124 161.864406779661 46 14 4 14.3533333333333 "M" 13.9688806316768 200.5 62.1262029725965 891.7181 8.63910822108688 124 14.3533333333333 71.875 21.875 6.25
"nicolas kicker" 1 347.5 1810.04639247312 187 168.174418604651 59 28 0 23.4 "M" 14.8504273504274 347.5 77.3524099347487 1810.04639247312 7.99145299145299 187 23.4 67.816091954023 32.183908045977 0
"vasek pospisil" 1 275.5 1769.56475 178 177.058252427184 59 44 3 23.0433333333333 "M" 11.955735570664 275.5 76.7929155214814 1769.56475 7.72457688413136 178 23.0433333333333 55.6603773584906 41.5094339622642 2.83018867924528
"daniel brands" 1 288 1586.72079651163 173 183.56976744186 71 15 2 18.9833333333333 "M" 15.171202809482 288 83.5849409927111 1586.72079651163 9.1132572431958 173 18.9833333333333 80.6818181818182 17.0454545454545 2.27272727272727
"alexander ward" 1 292.5 1449.88335 201 169.546391752577 69 28 6 24.6166666666667 "M" 11.8821936357481 292.5 58.898443466486 1449.88335 8.16519972918076 201 24.6166666666667 66.9902912621359 27.1844660194175 5.8252427184466
"sergiy stakhovsky" 1 482 2816.57038214286 281 173.157894736842 76 58 4 39.12 "M" 12.321063394683 482 71.9982204024248 2816.57038214286 7.18302658486708 281 39.12 55.0724637681159 42.0289855072464 2.89855072463768
"irina falconi" 1 346 1833.119568 126 141.307692307692 42 25 2 17.5233333333333 "W" 19.7451017690698 346 104.610209320906 1833.119568 7.19041278295607 126 17.5233333333333 60.8695652173913 36.231884057971 2.89855072463768
"laura robson" 1 145 690.740890909091 111 153.021276595745 33 17 3 13.2466666666667 "W" 10.9461499748364 145 52.1445061078829 690.740890909091 8.37946653246098 111 13.2466666666667 62.2641509433962 32.0754716981132 5.66037735849057
"francoise abanda" 1 305 1530.73104123711 201 145.127659574468 63 33 6 23.2333333333333 "W" 13.1276901004304 305 65.8851237261311 1530.73104123711 8.65136298421809 201 23.2333333333333 61.7647058823529 32.3529411764706 5.88235294117647
"zarina diyas" 1 310 1567.38583006536 154 151.742857142857 51 19 1 17.98 "W" 17.2413793103448 310 87.1738503929566 1567.38583006536 8.5650723025584 154 17.98 71.830985915493 26.7605633802817 1.40845070422535
